物品索引（从1起始）	物品最大叠放值
418	999
469	999
470	999
471	999
472	999
473	999
474	999
475	999
476	999
477	999
478	999
479	999
480	999
481	999
482	999
483	999
484	999
485	999
486	999
487	999
488	999
508	999
509	999
510	999
511	999
512	999
513	999
514	999
515	999
516	999
517	999
518	999
519	999
520	999
521	999
522	999
523	999
524	999
525	999
526	999
527	999
528	999
541	999
542	999
543	999
544	999
545	999
546	999
547	999
548	999
549	999
550	999
551	999
552	999
553	999
554	999
555	999
556	999
557	999
558	999
559	999
560	999
561	999
562	999
563	999
564	999
565	999
566	999
567	999
568	999
569	999
570	999
571	999
572	999
573	999
574	999
575	999
576	999
577	999
578	999
579	999
580	999
581	999
582	999
583	999
584	999
585	999
586	999
587	999
588	999
589	999
590	999
591	999
592	999
593	999
594	999
595	999
596	999
597	999
598	999
599	999
600	999
601	999
602	999
603	999
604	999
605	999
606	999
607	999
608	999
609	999
610	999
611	999
612	999
613	999
614	999
615	999
616	999
617	999
618	999
619	999
620	999
621	999
622	999
623	999
624	999
625	999
626	999
627	999
628	999
629	999
630	999
631	999
632	999
633	999
634	999
635	999
636	999
637	999
638	999
639	999
640	999
641	999
642	999
643	999
644	999
645	999
646	999
647	999
648	999
649	999
650	999
651	999
652	999
653	999
654	999
655	999
656	999
657	999
658	999
659	999
660	999
661	999
662	999
663	999
664	999
665	999
666	999
667	999
668	999
669	999
670	999
671	999
672	999
673	999
674	999
675	999
676	999
677	999
678	999
679	999
680	999
681	999
682	999
683	999
684	999
685	999
686	999
687	999
688	999
689	999
690	999
691	999
692	999
693	999
694	999
695	999
696	999
697	999
698	999
699	999
700	999
701	999
702	999
703	999
704	999
705	999
706	999
707	999
708	999
709	999
710	999
711	999
712	999
713	999
714	999
715	999
716	999
717	999
718	999
719	999
720	999
721	999
722	999
723	999
724	999
725	999
726	999
727	999
728	999
729	999
730	999
731	999
732	999
733	999
734	999
735	999
736	999
737	999
738	999
739	999
740	999
741	999
742	999
743	999
744	999
745	999
746	999
747	999
748	999
749	999
750	999
751	999
752	999
753	999
754	999
755	999
756	999
757	999
758	999
759	999
760	999
761	999
762	999
763	999
764	999
765	999
766	999
767	999
768	999
769	999
770	999
771	999
772	999
773	999
774	999
775	999
776	999
777	999
778	999
779	999
780	999
781	999
782	999
783	999
784	999
785	999
786	999
787	999
788	999
789	999
790	999
791	999
792	999
793	999
794	999
795	999
796	999
797	999
798	999
799	999
800	999
801	999
802	999
803	999
804	999
805	999
806	999
807	999
808	999
809	999
810	999
811	999
812	999
813	999
814	999
815	999
816	999
817	999
818	999
819	999
820	999
821	999
822	999
823	999
824	999
825	999
826	999
827	999
828	999
829	999
830	999
831	999
832	999
833	999
834	999
835	999
836	999
837	999
838	999
839	999
840	999
841	999
842	999
843	999
844	999
845	999
846	999
847	999
848	999
849	999
850	999
851	999
852	999
853	999
854	999
855	999
856	999
857	999
858	999
859	999
860	999
861	999
862	999
863	999
864	999
865	999
866	999
867	999
868	999
869	999
870	999
871	999
872	999
873	999
874	999
875	999
876	999
877	999
878	999
879	999
880	999
881	999
882	999
883	999
884	999
885	999
886	999
887	999
888	999
889	999
890	999
891	999
892	999
893	999
894	999
895	999
896	999
897	999
898	999
899	999
900	999
901	999
902	999
903	999
904	999
905	999
906	999
907	999
908	999
909	999
910	999
911	999
912	999
913	999
914	999
915	999
916	999
917	999
918	999
919	999
920	999
921	999
922	999
923	999
924	999
925	999
926	999
927	999
928	999
929	999
930	999
931	999
932	999
933	999
934	999
935	999
936	999
937	999
938	999
939	999
940	999
941	999
942	999
943	999
964	999
965	999
966	999
967	999
968	999
969	999
970	999
971	999
972	999
973	999
974	999
975	999
976	999
977	999
978	999
979	999
981	999
982	999
983	999
984	999
985	999
986	999
987	999
988	999
989	999
990	999
991	999
992	999
993	999
994	999
995	999
999	999
1000	999
1001	999
1002	999
1003	999
1004	999
1005	999
1006	999
1007	999
1008	999
1009	999
1010	999
1011	999
1012	999
1013	999
1014	999
1015	999
1016	999
1017	999
1018	999
1019	999
1020	999
1021	999
1022	999
1023	999
1024	999
1025	999
1026	999
1027	999
1028	999
1029	999
1030	999
1031	999
1032	999
1033	999
1034	999
1035	999
1036	999
1037	999
1038	999
1039	999
1040	999
1041	999
1042	999
1043	999
1044	999
1045	999
1046	999
1047	999
1048	999
1049	999
1050	999
1051	999
1052	999
1053	999
1054	999
1055	999
1056	999
1057	999
1058	999
1059	999
1060	999
1061	999
1062	999
1063	999
1064	999
1065	999
1066	999
1067	999
1068	999
1069	999
1070	999
1071	999
1072	999
1073	999
1074	999
1075	999
1076	999
1077	999
1078	999
1079	999
1080	999
1081	999
1082	999
1083	999
1084	999
1085	999
1086	999
1087	999
1088	999
1089	999
1090	999
1091	999
1092	999
1093	999
1094	999
1095	999
1096	999
1097	999
1098	999
1099	999
1100	999
1101	999
1102	999
1103	999
1104	999
1105	999
1106	999
1107	999
1108	999
1109	999
1110	999
1111	999
1112	999
1113	999
1114	999
1115	999
1116	999
1117	999
1118	999
1119	999
1120	999
1121	999
1123	999
1124	999
1125	999
1126	999
1127	999
1128	999
1129	999
1130	999
1131	999
1132	999
1133	999
1134	999
1135	999
1136	999
1137	999
1138	999
1139	999
1140	999
1141	999
1142	999
1143	999
1144	999
1145	999
1146	999
1147	999
1148	999
1149	999
1150	999
1151	999
1152	999
1153	999
1154	999
1155	999
1156	999
1157	999
1158	999
1159	999
1160	999
1161	999
1162	999
1163	999
1164	999
1165	999
1166	999
1167	999
1168	999
1169	999
1170	999
1171	999
1172	999
1173	999
1174	999
1175	999
1176	999
1177	999
1178	999
1179	999
1180	999
1181	999
1182	999
1183	999
1184	999
1185	999
1186	999
1187	999
1188	999
1189	999
1190	999
1191	999
1192	999
1193	999
1194	999
1195	999
1196	999
1197	999
1198	999
1199	999
1200	999
1201	999
1202	999
1203	999
1204	999
1205	999
1206	999
1207	999
1208	999
1209	999
1210	999
1211	999
1212	999
1213	999
1214	999
1215	999
1216	999
1217	999
1218	999
1219	999
1220	999
1221	999
1222	999
1223	999
1224	999
1225	999
1226	999
1227	999
1228	999
1229	999
1230	999
1231	999
1232	999
1233	999
1234	999
1235	999
1236	999
1237	999
1238	999
1239	999
1240	999
1241	999
1242	999
1243	999
1244	999
1245	999
1246	999
1247	999
1248	999
1249	999
1250	999
1251	999
1252	999
1253	999
1254	999
1255	999
1256	999
1257	999
1258	999
1259	999
1260	999
1261	999
1262	999
1263	999
1264	999
1265	999
1266	999
1267	999
1268	999
1269	999
1270	999
1271	999
1272	999
1273	999
1274	999
1275	999
1276	999
1277	999
1278	999
1279	999
1280	999
1281	999
1282	999
1283	999
1284	999
1285	999
1286	999
1287	999
1288	999
1289	999
1290	999
